0	0	0	0	0	0	0	0	0	0	0	0	0	0	0	0	0	0	0	0	0.5	1	1	1	1	1	1	1	1	1	1	1	1	1	1	1	1	1	1	1	1	
0	0	0	0	0	0	0	0	0	0	0	0	0	0	0	0	0	0	0	0	0.375	0.875	1	1	1	1	1	1	1	1	1	1	1	1	1	1	1	1	1	1	1	
0	0	0	0	0	0	0	0	0	0	0	0	0	0	0	0	0	0	0	0	0.28125	0.75	0.96875	1	1	1	1	1	1	1	1	1	1	1	1	1	1	1	1	1	1	
0	0	0	0	0	0	0	0	0	0	0	0	0	0	0	0	0	0	0	0	0.210938	0.632812	0.914062	0.992188	1	1	1	1	1	1	1	1	1	1	1	1	1	1	1	1	1	
0	0	0	0	0	0	0	0	0	0	0	0	0	0	0	0	0	0	0	0	0.158203	0.527344	0.84375	0.972656	0.998047	1	1	1	1	1	1	1	1	1	1	1	1	1	1	1	1	
0	0	0	0	0	0	0	0	0	0	0	0	0	0	0	0	0	0	0	0	0.118652	0.435059	0.764648	0.94043	0.991699	0.999512	1	1	1	1	1	1	1	1	1	1	1	1	1	1	1	
0	0	0	0	0	0	0	0	0	0	0	0	0	0	0	0	0	0	0	0	0.0889893	0.355957	0.682251	0.896484	0.978882	0.997559	0.999878	1	1	1	1	1	1	1	1	1	1	1	1	1	1	
0	0	0	0	0	0	0	0	0	0	0	0	0	0	0	0	0	0	0	0	0.0667419	0.289215	0.600677	0.842926	0.958282	0.992889	0.999298	0.999969	1	1	1	1	1	1	1	1	1	1	1	1	1	
0	0	0	0	0	0	0	0	0	0	0	0	0	0	0	0	0	0	0	0	0.0500565	0.233597	0.522812	0.782364	0.929443	0.984238	0.997696	0.999802	0.999992	1	1	1	1	1	1	1	1	1	1	1	1	
0	0	0	0	0	0	0	0	0	0	0	0	0	0	0	0	0	0	0	0	0.0375423	0.187712	0.450508	0.717476	0.892673	0.970539	0.994331	0.999275	0.999945	0.999998	1	1	1	1	1	1	1	1	1	1	1	
0	0	0	0	0	0	0	0	0	0	0	0	0	0	0	0	0	0	0	0	0.0281568	0.150169	0.384809	0.650734	0.848874	0.951073	0.988383	0.998039	0.999777	0.999985	1	1	1	1	1	1	1	1	1	1	1	
0	0	0	0	0	0	0	0	0	0	0	0	0	0	0	0	0	0	0	0	0.0211176	0.119666	0.326149	0.584253	0.799339	0.925523	0.979056	0.995625	0.999343	0.999933	0.999996	1	1	1	1	1	1	1	1	1	1	
0	0	0	0	0	0	0	0	0	0	0	0	0	0	0	0	0	0	0	0	0.0158382	0.0950291	0.274528	0.519727	0.745567	0.893977	0.965672	0.991483	0.998413	0.999785	0.99998	0.999999	1	1	1	1	1	1	1	1	1	
0	0	0	0	0	0	0	0	0	0	0	0	0	0	0	0	0	0	0	0	0.0118786	0.0752313	0.229654	0.458427	0.689107	0.856875	0.947749	0.98503	0.996681	0.999442	0.999931	0.999994	1	1	1	1	1	1	1	1	1	
0	0	0	0	0	0	0	0	0	0	0	0	0	0	0	0	0	0	0	0	0.00890897	0.0593932	0.191048	0.401234	0.631437	0.814933	0.92503	0.97571	0.993768	0.998752	0.999809	0.999978	0.999998	1	1	1	1	1	1	1	1	
0	0	0	0	0	0	0	0	0	0	0	0	0	0	0	0	0	0	0	0	0.00668173	0.0467721	0.158134	0.348687	0.573886	0.769059	0.897506	0.96304	0.989254	0.997506	0.999545	0.999936	0.999993	1	1	1	1	1	1	1	1	
0	0	0	0	0	0	0	0	0	0	0	0	0	0	0	0	0	0	0	0	0.0050113	0.0367495	0.130294	0.301049	0.517587	0.720266	0.865394	0.946656	0.9827	0.995443	0.999035	0.999838	0.999979	0.999998	1	1	1	1	1	1	1	
0	0	0	0	0	0	0	0	0	0	0	0	0	0	0	0	0	0	0	0	0.00375847	0.028815	0.106908	0.25836	0.463452	0.669596	0.829112	0.926341	0.973689	0.992257	0.998137	0.999638	0.999944	0.999993	0.999999	1	1	1	1	1	1	
0	0	0	0	0	0	0	0	0	0	0	0	0	0	0	0	0	0	0	0	0.00281886	0.0225508	0.0873845	0.220497	0.412179	0.61806	0.789233	0.902034	0.961852	0.987615	0.996667	0.999262	0.999867	0.999981	0.999998	1	1	1	1	1	1	
0	0	0	0	0	0	0	0	0	0	0	0	0	0	0	0	0	0	0	0	0.00211414	0.0176178	0.0711761	0.187219	0.364259	0.56659	0.74644	0.873833	0.946897	0.981174	0.994404	0.998614	0.999716	0.999952	0.999994	0.999999	1	1	1	1	1	
0	0	0	0	0	0	0	0	0	0	0	0	0	0	0	0	0	0	0	0	0.00158561	0.0137419	0.0577865	0.158208	0.319999	0.516007	0.701477	0.841985	0.928631	0.972605	0.991097	0.997561	0.99944	0.999893	0.999983	0.999998	1	1	1	1	1	
