0	0	0	0	0	0	0	0	0	0	0	0	0	0	0	0	0	0	0	0	0.5	1	1	1	1	1	1	1	1	1	1	1	1	1	1	1	1	1	1	1	1	
0	0	0	0	0	0	0	0	0	0	0	0	0	0	0	0	0	0	0	0.1875	0.375	0.6875	1	1	1	1	1	1	1	1	1	1	1	1	1	1	1	1	1	1	1	
0	0	0	0	0	0	0	0	0	0	0	0	0	0	0	0	0	0	0.0703125	0.140625	0.375	0.609375	0.804688	1	1	1	1	1	1	1	1	1	1	1	1	1	1	1	1	1	1	
0	0	0	0	0	0	0	0	0	0	0	0	0	0	0	0	0	0.0263672	0.0527344	0.18457	0.316406	0.536133	0.755859	0.87793	1	1	1	1	1	1	1	1	1	1	1	1	1	1	1	1	1	
0	0	0	0	0	0	0	0	0	0	0	0	0	0	0	0	0.0098877	0.0197754	0.0856934	0.151611	0.316406	0.481201	0.664307	0.847412	0.923706	1	1	1	1	1	1	1	1	1	1	1	1	1	1	1	1	
0	0	0	0	0	0	0	0	0	0	0	0	0	0	0	0.00370789	0.00741577	0.0383148	0.0692139	0.172211	0.275208	0.446869	0.61853	0.761581	0.904633	0.952316	1	1	1	1	1	1	1	1	1	1	1	1	1	1	1	
0	0	0	0	0	0	0	0	0	0	0	0	0	0	0.00139046	0.00278091	0.0166855	0.0305901	0.0885258	0.146461	0.275208	0.403954	0.564886	0.725819	0.833107	0.940395	0.970198	1	1	1	1	1	1	1	1	1	1	1	1	1	1	
0	0	0	0	0	0	0	0	0	0	0	0	0	0.000521421	0.00104284	0.00712609	0.0132093	0.0436256	0.0740418	0.158531	0.243021	0.383837	0.524653	0.665469	0.806285	0.884516	0.962747	0.981374	1	1	1	1	1	1	1	1	1	1	1	1	1	
0	0	0	0	0	0	0	0	0	0	0	0	0.000195533	0.000391066	0.00299817	0.00560528	0.0208134	0.0360215	0.0867153	0.137409	0.243021	0.348633	0.489449	0.630265	0.747612	0.864958	0.920838	0.976717	0.988358	1	1	1	1	1	1	1	1	1	1	1	1	
0	0	0	0	0	0	0	0	0	0	0	7.33249e-05	0.00014665	0.00124652	0.0023464	0.00967889	0.0170114	0.0455266	0.0740418	0.14533	0.216618	0.335431	0.454245	0.58626	0.718275	0.812571	0.906868	0.946158	0.985448	0.992724	1	1	1	1	1	1	1	1	1	1	1	
0	0	0	0	0	0	0	0	0	0	2.74968e-05	5.49937e-05	0.000513274	0.000971555	0.00440866	0.00784576	0.0231218	0.0383978	0.0829529	0.127508	0.216618	0.305728	0.429492	0.553256	0.671127	0.788997	0.862666	0.936335	0.96362	0.990905	0.995453	1	1	1	1	1	1	1	1	1	1	
0	0	0	0	0	0	0	0	0	1.03113e-05	2.06226e-05	0.000209663	0.000398704	0.00197404	0.00354938	0.0114261	0.0193028	0.0455584	0.0718141	0.133077	0.19434	0.296446	0.398551	0.520105	0.641659	0.742954	0.844249	0.900524	0.956799	0.975557	0.994316	0.997158	1	1	1	1	1	1	1	1	1	
0	0	0	0	0	0	0	0	3.86674e-06	7.73348e-06	8.50683e-05	0.000162403	0.000871306	0.00158021	0.00551856	0.00945691	0.0242257	0.0389945	0.078378	0.117761	0.19434	0.270919	0.380318	0.489717	0.603673	0.71763	0.802043	0.886455	0.928662	0.970868	0.983658	0.996447	0.998224	1	1	1	1	1	1	1	1	
0	0	0	0	0	0	0	1.45003e-06	2.90006e-06	3.43173e-05	6.57346e-05	0.000379907	0.00069408	0.00261403	0.00453397	0.0125337	0.0205335	0.0445328	0.0685321	0.121864	0.175196	0.264082	0.352968	0.464076	0.575184	0.678062	0.78094	0.849525	0.91811	0.949285	0.98046	0.98912	0.99778	0.99889	1	1	1	1	1	1	1	
0	0	0	0	0	0	5.43761e-07	1.08752e-06	1.37753e-05	2.6463e-05	0.000163914	0.000301364	0.0012177	0.00213404	0.00633392	0.0105338	0.0245334	0.038533	0.073532	0.108531	0.175196	0.24186	0.33908	0.436299	0.544321	0.652343	0.742361	0.832379	0.886935	0.941491	0.964223	0.986955	0.992784	0.998612	0.999306	1	1	1	1	1	1	
0	0	0	0	0	2.0391e-07	4.0782e-07	5.50558e-06	1.06033e-05	7.00771e-05	0.000129551	0.000559084	0.000988617	0.00313628	0.00528395	0.0131587	0.0210335	0.0429079	0.0647822	0.111656	0.15853	0.236652	0.314775	0.416045	0.517316	0.618586	0.719856	0.796576	0.873296	0.915918	0.95854	0.974933	0.991326	0.99523	0.999133	0.999566	1	1	1	1	1	
0	0	0	0	7.64663e-08	1.52933e-07	2.19204e-06	4.23114e-06	2.97199e-05	5.52087e-05	0.000253455	0.000451701	0.00152553	0.00259937	0.0068947	0.01119	0.0243147	0.0374393	0.0686884	0.0999375	0.15853	0.217122	0.303925	0.390728	0.491998	0.593268	0.685332	0.777396	0.841329	0.905262	0.938049	0.970835	0.982544	0.994254	0.996856	0.999458	0.999729	1	1	1	1	
0	0	0	2.86749e-08	5.73498e-08	8.69805e-07	1.68226e-06	1.2515e-05	2.33477e-05	0.00011362	0.000203893	0.000730484	0.00125708	0.00353897	0.00582086	0.0134272	0.0210335	0.0409548	0.0608761	0.102379	0.143882	0.213053	0.282224	0.374452	0.46668	0.564498	0.662316	0.743831	0.825346	0.877599	0.929852	0.954735	0.979617	0.987911	0.996205	0.997933	0.999661	0.999831	1	1	1	
0	0	1.07531e-08	2.15062e-08	3.44099e-07	6.66691e-07	5.23675e-06	9.80681e-06	5.04295e-05	9.10523e-05	0.000344944	0.000598837	0.00178367	0.0029685	0.00724705	0.0115256	0.02375	0.0359745	0.0639888	0.0920031	0.143882	0.19576	0.273578	0.351395	0.445719	0.540044	0.631748	0.723452	0.793994	0.864536	0.906525	0.948514	0.967176	0.985838	0.991669	0.997501	0.998645	0.999788	0.999894	1	1	
0	4.0324e-09	8.06481e-09	1.35758e-07	2.6345e-07	2.17884e-06	4.09423e-06	2.2184e-05	4.02739e-05	0.000160873	0.000281471	0.000884465	0.00148746	0.00383244	0.00617741	0.0134357	0.0206939	0.0388396	0.0569852	0.0939486	0.130912	0.192518	0.254123	0.338131	0.422138	0.51548	0.608822	0.69259	0.776359	0.836193	0.896028	0.929269	0.96251	0.976361	0.990211	0.994285	0.998359	0.999113	0.999868	0.999934	1	
0	3.0243e-09	5.34294e-08	1.03834e-07	9.01914e-07	1.69999e-06	9.6808e-06	1.76616e-05	7.41923e-05	0.000130723	0.00043222	0.000733717	0.00198995	0.00324619	0.00743365	0.0116211	0.0229621	0.0343032	0.0595055	0.0847077	0.130912	0.177116	0.247122	0.317129	0.404637	0.492145	0.581896	0.671648	0.746441	0.821234	0.871097	0.920959	0.946928	0.972898	0.983083	0.993267	0.996096	0.998925	0.999421	0.999917	1	
