0	0	0	0	0	0	0	0	0	0	0	0	0	0	0	0	0	0	0	0	0.5	1	1	1	1	1	1	1	1	1	1	1	1	1	1	1	1	1	1	1	1	
0	4.78071e-40	1.19518e-40	2.98795e-41	7.46986e-42	1.86747e-42	4.66866e-43	1.16717e-43	2.91792e-44	7.29479e-45	1.8237e-45	4.55924e-46	1.13981e-46	2.84953e-47	7.12382e-48	1.78095e-48	4.45239e-49	1.1131e-49	2.78274e-50	6.95685e-51	0.34375	0.804688	0.951172	0.987793	0.996948	0.999237	0.999809	0.999952	0.999988	0.999997	0.999999	1	1	1	1	1	1	1	1	1	1	
0	8.06744e-40	3.13734e-40	1.06446e-40	3.36144e-41	1.01543e-41	2.97627e-42	8.5349e-43	2.40728e-43	6.70209e-44	1.84649e-44	5.04366e-45	1.36777e-45	3.68657e-46	9.8843e-47	2.63804e-47	7.01251e-48	1.85748e-48	4.90458e-49	1.29137e-49	0.236328	0.633789	0.862671	0.954224	0.985695	0.995708	0.998748	0.999642	0.999899	0.999972	0.999992	0.999998	0.999999	1	1	1	1	1	1	1	1	
0	1.03271e-39	5.2429e-40	2.23862e-40	8.57283e-41	3.05141e-41	1.03094e-41	3.35013e-42	1.05638e-42	3.25216e-43	9.81875e-44	2.91685e-44	8.54769e-45	2.47586e-45	7.09961e-46	2.01804e-46	5.6921e-47	1.59455e-47	4.43967e-48	1.22935e-48	0.162476	0.491119	0.755478	0.898815	0.962008	0.986658	0.995536	0.99856	0.999548	0.999862	0.999958	0.999988	0.999996	0.999999	1	1	1	1	1	1	1	
0	1.18806e-39	7.22008e-40	3.67175e-40	1.64723e-40	6.75173e-41	2.58741e-41	9.41608e-42	3.28966e-42	1.11203e-42	3.65836e-43	1.17649e-43	3.71118e-44	1.15143e-44	3.52143e-45	1.06347e-45	3.17613e-46	9.39234e-47	2.75297e-47	8.00509e-48	0.111702	0.375725	0.644017	0.826157	0.924096	0.969476	0.988466	0.995847	0.998561	0.999517	0.999842	0.999949	0.999984	0.999995	0.999999	1	1	1	1	1	1	
0	1.29486e-39	8.94349e-40	5.21146e-40	2.66482e-40	1.23334e-40	5.28418e-41	2.13011e-41	8.17543e-42	3.01398e-42	1.07451e-42	3.72376e-43	1.25961e-43	4.1726e-44	1.35721e-44	4.34425e-45	1.37089e-45	4.27146e-46	1.31583e-46	4.01199e-47	0.0767951	0.284491	0.537367	0.742576	0.872595	0.94242	0.975768	0.990366	0.996343	0.998664	0.999527	0.999837	0.999945	0.999982	0.999994	0.999998	0.999999	1	1	1	1	
0	1.36829e-39	1.03787e-39	6.73651e-40	3.84191e-40	1.97495e-40	9.34108e-41	4.12999e-41	1.72769e-41	6.9023e-42	2.65267e-42	9.86334e-43	3.56455e-43	1.25673e-43	4.3357e-44	1.46742e-44	4.88254e-45	1.59998e-45	5.17155e-46	1.65095e-46	0.0527966	0.213586	0.440617	0.654261	0.809885	0.904922	0.955972	0.980855	0.992097	0.996877	0.998811	0.999561	0.999842	0.999945	0.999981	0.999994	0.999998	0.999999	1	1	1	
0	1.41877e-39	1.15374e-39	8.16437e-40	5.10344e-40	2.87376e-40	1.48407e-40	7.13337e-41	3.22925e-41	1.38983e-41	5.72967e-42	2.27631e-42	8.75788e-43	3.27626e-43	1.19569e-43	4.26905e-44	1.49465e-44	5.14177e-45	1.74099e-45	5.81072e-46	0.0362977	0.159215	0.356077	0.566362	0.739278	0.857571	0.928181	0.966131	0.984903	0.993585	0.997383	0.99897	0.999607	0.999854	0.999947	0.999981	0.999993	0.999998	0.999999	1	1	
0	1.45347e-39	1.24524e-39	9.44719e-40	6.38068e-40	3.88984e-40	2.17237e-40	1.12627e-40	5.48161e-41	2.52774e-41	1.11271e-41	4.70485e-42	1.92059e-42	7.60126e-43	2.92712e-43	1.10001e-43	4.04441e-44	1.45801e-44	5.16332e-45	1.79913e-45	0.0249547	0.117967	0.284246	0.48269	0.664324	0.801866	0.892189	0.945274	0.973823	0.988102	0.994826	0.997835	0.999124	0.999656	0.999868	0.999951	0.999982	0.999994	0.999998	0.999999	1	
0	1.47733e-39	1.31628e-39	1.05639e-39	7.61815e-40	4.9776e-40	2.98102e-40	1.65534e-40	8.61086e-41	4.23314e-41	1.98126e-41	8.88318e-42	3.83525e-42	1.60144e-42	6.49106e-43	2.56197e-43	9.87295e-44	3.7234e-44	1.37695e-44	5.00199e-45	0.0171563	0.0869514	0.22453	0.405747	0.588328	0.739885	0.848468	0.917755	0.958021	0.979689	0.990621	0.995843	0.998223	0.999264	0.999704	0.999884	0.999956	0.999983	0.999994	0.999998	0.999999	
0	1.49374e-39	1.37071e-39	1.15121e-39	8.77575e-40	6.09217e-40	3.88359e-40	2.29526e-40	1.26927e-40	6.62163e-41	3.28209e-41	1.55507e-41	7.07961e-42	3.11059e-42	1.324e-42	5.47704e-43	2.20815e-43	8.69726e-44	3.35368e-44	1.26837e-44	0.011795	0.0638001	0.175749	0.336922	0.514065	0.673958	0.798054	0.883499	0.936874	0.967631	0.98419	0.992604	0.996669	0.998551	0.999388	0.999749	0.999899	0.999961	0.999985	0.999994	0.999998	
0	1.50501e-39	1.41197e-39	1.23012e-39	9.82814e-40	7.19389e-40	4.8492e-40	3.03301e-40	1.77433e-40	9.78149e-41	5.11566e-41	2.55316e-41	1.2222e-41	5.63652e-42	2.51379e-42	1.08774e-42	4.57978e-43	1.88089e-43	7.55146e-44	2.96947e-44	0.00810905	0.046627	0.136472	0.276736	0.443661	0.60639	0.742382	0.842879	0.91004	0.951311	0.974936	0.987661	0.994163	0.997336	0.998823	0.999495	0.999789	0.999914	0.999966	0.999987	0.999995	
0	1.51277e-39	1.44299e-39	1.2947e-39	1.07624e-39	8.25066e-40	5.84611e-40	3.8498e-40	2.37186e-40	1.37634e-40	7.56921e-41	3.96733e-41	1.99167e-41	9.61816e-42	4.48505e-42	2.0262e-42	8.89394e-43	3.80283e-43	1.58743e-43	6.48205e-44	0.00557497	0.0339566	0.105228	0.225092	0.378586	0.539269	0.683104	0.796654	0.877496	0.930278	0.962295	0.980524	0.990347	0.995391	0.997872	0.999047	0.999585	0.999824	0.999927	0.99997	0.999988	
0	1.5181e-39	1.46613e-39	1.34683e-39	1.15754e-39	9.23884e-40	6.84458e-40	4.72326e-40	3.05209e-40	1.8575e-40	1.07078e-40	5.87756e-41	3.08662e-41	1.55738e-41	7.57807e-42	3.56785e-42	1.63006e-42	7.24546e-43	3.1404e-43	1.32995e-43	0.00383279	0.0246518	0.0806292	0.181485	0.319717	0.474338	0.621923	0.745875	0.839538	0.904294	0.945793	0.970702	0.984822	0.992433	0.996357	0.998301	0.99923	0.999661	0.999854	0.999939	0.999975	
0	1.52176e-39	1.48328e-39	1.3884e-39	1.22709e-39	1.01429e-39	7.8188e-40	5.62973e-40	3.80095e-40	2.41802e-40	1.45676e-40	8.35196e-41	4.57739e-41	2.40796e-41	1.22032e-41	5.97732e-42	2.83798e-42	1.3095e-42	5.88562e-43	2.58202e-43	0.00263504	0.0178464	0.0614349	0.145169	0.267441	0.41295	0.560456	0.691773	0.796743	0.873359	0.925091	0.957742	0.977169	0.988142	0.994058	0.997119	0.998644	0.99938	0.999723	0.999879	0.999949	
0	1.52428e-39	1.49594e-39	1.42121e-39	1.2857e-39	1.09544e-39	8.74796e-40	6.5461e-40	4.60153e-40	3.05033e-40	1.91523e-40	1.14405e-40	6.52908e-41	3.57383e-41	1.88292e-41	9.57942e-42	4.71955e-42	2.25754e-42	1.05087e-42	4.77016e-43	0.00181159	0.012887	0.0465737	0.115287	0.22176	0.356058	0.500137	0.635657	0.749911	0.837708	0.900012	0.941269	0.96698	0.982165	0.990715	0.995327	0.99772	0.998919	0.999501	0.999775	0.999901	
0	1.52601e-39	1.50523e-39	1.44689e-39	1.33447e-39	1.16709e-39	9.61659e-40	7.45134e-40	5.43552e-40	3.74358e-40	2.44326e-40	1.51705e-40	8.99641e-41	5.11418e-41	2.79642e-41	1.47537e-41	7.53184e-42	3.72999e-42	1.79606e-42	8.42643e-43	0.00124547	0.00928441	0.0351459	0.090957	0.182405	0.304251	0.442161	0.578813	0.699995	0.797793	0.870563	0.921014	0.953882	0.974145	0.986038	0.992716	0.996319	0.998194	0.999138	0.999598	0.999817	
0	1.52721e-39	1.51202e-39	1.46682e-39	1.37458e-39	1.22942e-39	1.04144e-39	8.32743e-40	6.28449e-40	4.48455e-40	3.03485e-40	1.95439e-40	1.20192e-40	7.08307e-41	4.01294e-41	2.19233e-41	1.15811e-41	5.93038e-42	2.95051e-42	1.4292e-42	0.000856261	0.00667494	0.0264118	0.0713325	0.148921	0.257803	0.387452	0.522432	0.64803	0.75424	0.836934	0.896841	0.937567	0.963734	0.979719	0.98905	0.994277	0.997097	0.998569	0.999312	0.999677	
0	1.52802e-39	1.51697e-39	1.48218e-39	1.40725e-39	1.28295e-39	1.11357e-39	9.15993e-40	7.13103e-40	5.25867e-40	3.68141e-40	2.45368e-40	1.56189e-40	9.52552e-41	5.58297e-41	3.15378e-41	1.72166e-41	9.10511e-42	4.6754e-42	2.33583e-42	0.000588679	0.00478971	0.0197727	0.055635	0.12075	0.216735	0.33667	0.467555	0.595062	0.707807	0.799484	0.868758	0.917819	0.95062	0.971445	0.984065	0.991397	0.995496	0.997708	0.998865	0.999451	
0	1.52859e-39	1.52057e-39	1.49395e-39	1.43361e-39	1.32838e-39	1.17786e-39	9.93807e-40	7.9596e-40	6.05092e-40	4.37237e-40	3.01008e-40	1.97967e-40	1.24742e-40	7.55218e-41	4.4052e-41	2.48206e-41	1.35409e-41	7.16865e-42	3.69026e-42	0.000404717	0.0034309	0.0147508	0.0431726	0.0972862	0.180874	0.290225	0.415042	0.542088	0.659331	0.758716	0.836918	0.894528	0.934547	0.960919	0.97749	0.987462	0.993231	0.996451	0.998189	0.999099	
0	1.52897e-39	1.52317e-39	1.50292e-39	1.45471e-39	1.36654e-39	1.23444e-39	1.06547e-39	8.75702e-40	6.84674e-40	5.09587e-40	3.61667e-40	2.45332e-40	1.59466e-40	9.9584e-41	5.99019e-41	3.47929e-41	1.95589e-41	1.06645e-41	5.65121e-42	0.000278243	0.0024536	0.010969	0.0333453	0.0779189	0.149911	0.248312	0.365559	0.490015	0.609674	0.715244	0.801612	0.867698	0.915334	0.947875	0.96905	0.982236	0.990122	0.994667	0.9972	0.998567	
