0	0	0	0	0	0	0	0	0	0	0	0	0	0	0	0	0	0	0	0	0	0	0	0	0	0	0	0	0	0	0	0	0	0	0	0	0	0	0	0	0.5	1	1	1	1	1	1	1	1	1	1	1	1	1	1	1	1	1	1	1	1	1	1	1	1	1	1	1	1	1	1	1	1	1	1	1	1	1	1	1	1	1	
0	0	0	0	0	0	0	0	0	0	0	0	0	0	0	0	0	0	0	0	0	0	0	0	0	0	0	0	0	0	0	0	0	0	0	0	0	0	0	0	0.25	0.625	0.8125	0.90625	0.953125	0.976562	0.988281	0.994141	0.99707	0.998535	0.999268	0.999634	0.999817	0.999908	0.999954	0.999977	0.999989	0.999994	0.999997	0.999999	0.999999	1	1	1	1	1	1	1	1	1	1	1	1	1	1	1	1	1	1	1	1	1	
0	0	0	0	0	0	0	0	0	0	0	0	0	0	0	0	0	0	0	0	0	0	0	0	0	0	0	0	0	0	0	0	0	0	0	0	0	0	0	0	0.125	0.375	0.59375	0.75	0.851562	0.914062	0.951172	0.972656	0.984863	0.991699	0.995483	0.997559	0.998688	0.999298	0.999626	0.999802	0.999895	0.999945	0.999971	0.999985	0.999992	0.999996	0.999998	0.999999	0.999999	1	1	1	1	1	1	1	1	1	1	1	1	1	1	1	1	1	
0	0	0	0	0	0	0	0	0	0	0	0	0	0	0	0	0	0	0	0	0	0	0	0	0	0	0	0	0	0	0	0	0	0	0	0	0	0	0	0	0.0625	0.21875	0.40625	0.578125	0.714844	0.814453	0.882812	0.927734	0.956299	0.973999	0.984741	0.99115	0.994919	0.997108	0.998367	0.999084	0.99949	0.999717	0.999844	0.999914	0.999953	0.999975	0.999986	0.999993	0.999996	0.999998	0.999999	0.999999	1	1	1	1	1	1	1	1	1	1	1	1	1	1	
0	0	0	0	0	0	0	0	0	0	0	0	0	0	0	0	0	0	0	0	0	0	0	0	0	0	0	0	0	0	0	0	0	0	0	0	0	0	0	0	0.03125	0.125	0.265625	0.421875	0.568359	0.691406	0.787109	0.857422	0.90686	0.94043	0.962585	0.976868	0.985893	0.991501	0.994934	0.997009	0.99825	0.998983	0.999414	0.999664	0.999809	0.999892	0.999939	0.999966	0.999981	0.999989	0.999994	0.999997	0.999998	0.999999	0.999999	1	1	1	1	1	1	1	1	1	1	1	
0	0	0	0	0	0	0	0	0	0	0	0	0	0	0	0	0	0	0	0	0	0	0	0	0	0	0	0	0	0	0	0	0	0	0	0	0	0	0	0	0.015625	0.0703125	0.167969	0.294922	0.431641	0.561523	0.674316	0.765869	0.836365	0.888397	0.925491	0.95118	0.968536	0.980019	0.987476	0.992243	0.995246	0.997115	0.998264	0.998964	0.999386	0.999639	0.999789	0.999877	0.999929	0.999959	0.999977	0.999987	0.999992	0.999996	0.999998	0.999999	0.999999	1	1	1	1	1	1	1	1	1	
0	0	0	0	0	0	0	0	0	0	0	0	0	0	0	0	0	0	0	0	0	0	0	0	0	0	0	0	0	0	0	0	0	0	0	0	0	0	0	0	0.0078125	0.0390625	0.103516	0.199219	0.31543	0.438477	0.556396	0.661133	0.748749	0.818573	0.872032	0.911606	0.940071	0.960045	0.973761	0.983002	0.989124	0.993119	0.995692	0.997328	0.998357	0.998998	0.999394	0.999635	0.999782	0.999871	0.999924	0.999955	0.999974	0.999985	0.999991	0.999995	0.999997	0.999998	0.999999	0.999999	1	1	1	1	1	1	
0	0	0	0	0	0	0	0	0	0	0	0	0	0	0	0	0	0	0	0	0	0	0	0	0	0	0	0	0	0	0	0	0	0	0	0	0	0	0	0	0.00390625	0.0214844	0.0625	0.130859	0.223145	0.330811	0.443604	0.552368	0.650558	0.734566	0.803299	0.857452	0.898762	0.929403	0.951582	0.967292	0.978208	0.985664	0.990678	0.994003	0.99618	0.997589	0.998491	0.999063	0.999423	0.999647	0.999785	0.99987	0.999922	0.999953	0.999972	0.999984	0.99999	0.999994	0.999997	0.999998	0.999999	0.999999	1	1	1	1	
0	0	0	0	0	0	0	0	0	0	0	0	0	0	0	0	0	0	0	0	0	0	0	0	0	0	0	0	0	0	0	0	0	0	0	0	0	0	0	0	0.00195312	0.0117188	0.0371094	0.0839844	0.153564	0.242188	0.342896	0.447632	0.549095	0.64183	0.722565	0.790009	0.844385	0.886894	0.919238	0.943265	0.960736	0.9732	0.981939	0.987971	0.992075	0.994832	0.996662	0.997863	0.998643	0.999145	0.999465	0.999668	0.999795	0.999874	0.999923	0.999953	0.999972	0.999983	0.99999	0.999994	0.999996	0.999998	0.999999	0.999999	1	1	
0	0	0	0	0	0	0	0	0	0	0	0	0	0	0	0	0	0	0	0	0	0	0	0	0	0	0	0	0	0	0	0	0	0	0	0	0	0	0	0	0.000976562	0.00634766	0.0217285	0.0528564	0.10321	0.172699	0.257797	0.352715	0.450905	0.546368	0.634466	0.712237	0.778311	0.832603	0.87592	0.909593	0.935165	0.954182	0.968061	0.978016	0.985046	0.989939	0.9933	0.995581	0.997112	0.998128	0.998797	0.999232	0.999513	0.999694	0.999808	0.999881	0.999926	0.999955	0.999972	0.999983	0.99999	0.999994	0.999996	0.999998	0.999999	0.999999	
0	0	0	0	0	0	0	0	0	0	0	0	0	0	0	0	0	0	0	0	0	0	0	0	0	0	0	0	0	0	0	0	0	0	0	0	0	0	0	0	0.000488281	0.00341797	0.0125732	0.0327148	0.0679626	0.120331	0.189064	0.270889	0.360897	0.453632	0.544049	0.628143	0.703227	0.767915	0.821918	0.865755	0.90046	0.927321	0.947691	0.962853	0.973949	0.981944	0.987622	0.991602	0.994357	0.996243	0.99752	0.998376	0.998945	0.999319	0.999564	0.999722	0.999824	0.99989	0.999931	0.999957	0.999973	0.999984	0.99999	0.999994	0.999996	0.999998	
0	0	0	0	0	0	0	0	0	0	0	0	0	0	0	0	0	0	0	0	0	0	0	0	0	0	0	0	0	0	0	0	0	0	0	0	0	0	0	0	0.000244141	0.00183105	0.00720215	0.0199585	0.0439606	0.0821457	0.135605	0.203247	0.282072	0.367852	0.455951	0.542047	0.622637	0.695276	0.758597	0.812176	0.856318	0.89182	0.919755	0.941304	0.957627	0.969785	0.978704	0.985153	0.989755	0.992999	0.995259	0.996818	0.997881	0.9986	0.999082	0.999402	0.999613	0.999751	0.999841	0.999899	0.999936	0.99996	0.999975	0.999984	0.99999	0.999994	
0	0	0	0	0	0	0	0	0	0	0	0	0	0	0	0	0	0	0	0	0	0	0	0	0	0	0	0	0	0	0	0	0	0	0	0	0	0	0	0	0.00012207	0.000976562	0.00408936	0.0120239	0.0279922	0.055069	0.0953369	0.149292	0.215682	0.291767	0.373859	0.457953	0.540295	0.617786	0.688191	0.750184	0.803251	0.847535	0.883645	0.912475	0.935051	0.952418	0.965561	0.975357	0.982556	0.987777	0.991518	0.994168	0.996025	0.997312	0.998197	0.9988	0.999207	0.999479	0.99966	0.99978	0.999858	0.999909	0.999942	0.999963	0.999977	0.999985	
0	0	0	0	0	0	0	0	0	0	0	0	0	0	0	0	0	0	0	0	0	0	0	0	0	0	0	0	0	0	0	0	0	0	0	0	0	0	0	0	6.10352e-05	0.000518799	0.00230408	0.007164	0.0175781	0.0363235	0.0658302	0.107561	0.161622	0.226694	0.300277	0.379115	0.459705	0.538745	0.613468	0.681826	0.742538	0.795037	0.839341	0.875908	0.905479	0.928949	0.947255	0.961306	0.971931	0.979854	0.985686	0.989927	0.992976	0.995144	0.996671	0.997735	0.998471	0.998975	0.999317	0.999549	0.999703	0.999806	0.999874	0.999919	0.999948	0.999967	
0	0	0	0	0	0	0	0	0	0	0	0	0	0	0	0	0	0	0	0	0	0	0	0	0	0	0	0	0	0	0	0	0	0	0	0	0	0	0	0	3.05176e-05	0.000274658	0.00128937	0.00422668	0.0109024	0.023613	0.0447216	0.0761414	0.118881	0.172788	0.236532	0.307824	0.383764	0.461255	0.537361	0.609594	0.676066	0.735551	0.787446	0.831677	0.868578	0.898763	0.923009	0.942158	0.957044	0.968449	0.977068	0.983497	0.988237	0.99169	0.99418	0.995958	0.997214	0.998095	0.998706	0.999127	0.999415	0.999611	0.999742	0.99983	0.999889	0.999928	
0	0	0	0	0	0	0	0	0	0	0	0	0	0	0	0	0	0	0	0	0	0	0	0	0	0	0	0	0	0	0	0	0	0	0	0	0	0	0	0	1.52588e-05	0.000144958	0.000717163	0.00247192	0.00668716	0.0151501	0.0299358	0.0530386	0.08596	0.129374	0.182953	0.245388	0.314576	0.387916	0.462639	0.536116	0.606091	0.670821	0.729134	0.780405	0.824492	0.861628	0.892318	0.917238	0.937141	0.952795	0.964931	0.974214	0.981225	0.986458	0.990319	0.993139	0.995176	0.996636	0.997671	0.998399	0.998907	0.999259	0.999501	0.999666	0.999777	0.999853	
0	0	0	0	0	0	0	0	0	0	0	0	0	0	0	0	0	0	0	0	0	0	0	0	0	0	0	0	0	0	0	0	0	0	0	0	0	0	0	0	7.62939e-06	7.62939e-05	0.000396729	0.00143433	0.00406075	0.00960541	0.0197706	0.0364046	0.0611823	0.0952781	0.139116	0.192252	0.253414	0.320665	0.391652	0.463884	0.534987	0.602904	0.666019	0.723212	0.773852	0.81774	0.855029	0.886134	0.911637	0.932216	0.948574	0.961394	0.97131	0.978884	0.984602	0.98887	0.992023	0.994329	0.996	0.9972	0.998053	0.998656	0.999078	0.999372	0.999575	0.999714	
0	0	0	0	0	0	0	0	0	0	0	0	0	0	0	0	0	0	0	0	0	0	0	0	0	0	0	0	0	0	0	0	0	0	0	0	0	0	0	0	3.8147e-06	4.00543e-05	0.000218391	0.000826359	0.00244355	0.00602448	0.0128976	0.0246511	0.0429167	0.0690974	0.104107	0.148179	0.200797	0.260731	0.326191	0.395038	0.465013	0.533958	0.599989	0.6616	0.717726	0.767733	0.811381	0.848757	0.880197	0.906207	0.92739	0.944392	0.957851	0.968367	0.976484	0.982677	0.98735	0.99084	0.99342	0.99531	0.996682	0.997669	0.998374	0.998873	0.999224	0.999469	
0	0	0	0	0	0	0	0	0	0	0	0	0	0	0	0	0	0	0	0	0	0	0	0	0	0	0	0	0	0	0	0	0	0	0	0	0	0	0	0	1.90735e-06	2.09808e-05	0.000119686	0.000473022	0.00145829	0.00374138	0.00831947	0.0164853	0.029701	0.0493992	0.0767529	0.112466	0.156631	0.208681	0.267436	0.331237	0.398125	0.466042	0.533015	0.597308	0.657517	0.712625	0.762003	0.80538	0.842789	0.874498	0.900944	0.922668	0.94026	0.954313	0.965399	0.974038	0.980694	0.985767	0.989593	0.992452	0.994567	0.996118	0.997246	0.998059	0.998641	0.999055	
0	0	0	0	0	0	0	0	0	0	0	0	0	0	0	0	0	0	0	0	0	0	0	0	0	0	0	0	0	0	0	0	0	0	0	0	0	0	0	0	9.53674e-07	1.09673e-05	6.53267e-05	0.000269175	0.000863731	0.00230256	0.00531101	0.0108981	0.0202996	0.0348494	0.0558011	0.0841336	0.120382	0.164532	0.215984	0.27361	0.335868	0.400955	0.466985	0.532146	0.594832	0.653728	0.707866	0.756623	0.799706	0.837102	0.869023	0.895845	0.918053	0.936183	0.950791	0.962415	0.971554	0.978661	0.984127	0.988289	0.991428	0.993773	0.995509	0.996784	0.997713	0.998384	
0	0	0	0	0	0	0	0	0	0	0	0	0	0	0	0	0	0	0	0	0	0	0	0	0	0	0	0	0	0	0	0	0	0	0	0	0	0	0	0	4.76837e-07	5.72205e-06	3.55244e-05	0.000152349	0.00050804	0.0014053	0.00335816	0.00712815	0.0137139	0.0242816	0.0400414	0.0620875	0.091235	0.127883	0.171934	0.222772	0.27932	0.340137	0.403561	0.467854	0.531343	0.592536	0.650201	0.703412	0.751559	0.79433	0.831677	0.863761	0.890907	0.913545	0.932168	0.947291	0.959423	0.969042	0.976584	0.982437	0.986932	0.990353	0.992931	0.994858	0.996285	0.997335	
